Team,W,L,TG,WR
Tricked,230,243,473,0.48625792811839325
SINNERS,244,221,465,0.524731182795699
FORZE,270,171,441,0.6122448979591837
Copenhagen Flames,261,165,426,0.6126760563380281
Sprout,236,188,424,0.5566037735849056
Eternal Fire,251,169,420,0.5976190476190476
BLUEJAYS,231,189,420,0.55
SKADE,250,166,416,0.6009615384615384
MASONIC,216,189,405,0.5333333333333333
ATK,217,175,392,0.5535714285714286
Enterprise,184,199,383,0.4804177545691906
K23,208,165,373,0.5576407506702413
ECLOT,193,180,373,0.517426273458445
Into the Breach,188,181,369,0.5094850948509485
Entropiq,204,163,367,0.555858310626703
SAW,201,165,366,0.5491803278688525
MIBR,209,149,358,0.5837988826815642
Young Ninjas,192,165,357,0.5378151260504201
GamerLegion,193,164,357,0.5406162464985994
1WIN,214,140,354,0.6045197740112994
ECSTATIC,171,182,353,0.48441926345609065
Apeks,193,148,341,0.5659824046920822
paiN,223,117,340,0.6558823529411765
Endpoint,174,165,339,0.5132743362831859
TeamOne,186,146,332,0.5602409638554217
Nexus,160,160,320,0.5
MOUZ NXT,199,112,311,0.639871382636656
Anonymo,143,163,306,0.4673202614379085
AGO,149,150,299,0.4983277591973244
ENCE,169,129,298,0.5671140939597316
Astralis,161,137,298,0.540268456375839
HONORIS,143,150,293,0.4880546075085324
Finest,161,130,291,0.5532646048109966
BIG,145,145,290,0.5
EC Brugge,116,164,280,0.4142857142857143
EC Kyiv,138,137,275,0.5018181818181818
Movistar Riders,132,142,274,0.48175182481751827
Vitality,158,114,272,0.5808823529411765
9z,179,92,271,0.6605166051660517
Party Astronauts,173,98,271,0.6383763837638377
FaZe,171,97,268,0.6380597014925373
Strife,129,136,265,0.4867924528301887
Natus Vincere,177,85,262,0.6755725190839694
Nemiga,129,133,262,0.49236641221374045
Heroic,152,107,259,0.5868725868725869
HAVU,135,122,257,0.5252918287937743
BIG Academy,133,123,256,0.51953125
HEET,138,114,252,0.5476190476190477
Sangal,135,117,252,0.5357142857142857
Liquid,147,105,252,0.5833333333333334
Astralis Talent,124,127,251,0.4940239043824701
fnatic,145,105,250,0.58
UNGENTIUM,102,148,250,0.408
G2,151,97,248,0.6088709677419355
Spirit,133,114,247,0.5384615384615384
Ninjas in Pyjamas,136,110,246,0.5528455284552846
Wisla Krakow,117,124,241,0.4854771784232365
LDLC,118,123,241,0.4896265560165975
BLINK,116,121,237,0.48945147679324896
777,105,130,235,0.44680851063829785
Complexity,108,126,234,0.46153846153846156
PROSPECTS,116,117,233,0.4978540772532189
Isurus,127,101,228,0.5570175438596491
Illuminar,123,105,228,0.5394736842105263
Bad News Bears,121,104,225,0.5377777777777778
MOUZ,124,99,223,0.5560538116591929
eSuba,96,123,219,0.4383561643835616
VERTEX,133,85,218,0.6100917431192661
PACT,103,115,218,0.4724770642201835
GODSENT,118,97,215,0.5488372093023256
fnatic Rising,116,97,213,0.5446009389671361
SWS,98,114,212,0.46226415094339623
Spirit Academy,115,94,209,0.5502392344497608
Sharks,115,90,205,0.5609756097560976
KOVA,97,106,203,0.47783251231527096
FTW,91,109,200,0.455
MAD Lions,118,80,198,0.5959595959595959
Falcons,103,90,193,0.533678756476684
Imperial,109,83,192,0.5677083333333334
OG,103,88,191,0.5392670157068062
PaquetГЎ,113,76,189,0.5978835978835979
Lynn Vision,106,82,188,0.5638297872340425
EYEBALLERS,97,91,188,0.5159574468085106
ALTERNATE aTTaX,83,104,187,0.44385026737967914
FURIA,105,82,187,0.5614973262032086
Meta,92,90,182,0.5054945054945055
IHC,112,70,182,0.6153846153846154
Bad News Eagles,102,79,181,0.56353591160221
Detonate,84,96,180,0.4666666666666667
Dignitas,93,83,176,0.5284090909090909
00NATION,87,89,176,0.4943181818181818
Monte,110,66,176,0.625
Unique,89,86,175,0.5085714285714286
FURIA Academy,74,97,171,0.4327485380116959
9INE,103,68,171,0.6023391812865497
NKT,95,74,169,0.5621301775147929
RBG,83,80,163,0.50920245398773
Boca Juniors,65,96,161,0.40372670807453415
DBL PONEY,96,65,161,0.5962732919254659
Mythic,70,91,161,0.43478260869565216
iNation,90,68,158,0.569620253164557
Extra Salt,116,42,158,0.7341772151898734
ORDER,96,61,157,0.6114649681528662
Looking For Org,89,67,156,0.5705128205128205
B8,79,74,153,0.5163398692810458
INDE IRAE,75,77,152,0.4934210526315789
TYLOO,91,60,151,0.6026490066225165
Evil Geniuses,51,99,150,0.34
los kogutos,70,75,145,0.4827586206896552
Fiend,85,59,144,0.5902777777777778
ARCTIC,87,56,143,0.6083916083916084
4glory,63,79,142,0.44366197183098594
Eros,53,88,141,0.375886524822695
Entropiq Prague,61,78,139,0.43884892086330934
Furious,58,80,138,0.42028985507246375
Triumph,74,62,136,0.5441176470588235
X13,54,79,133,0.40601503759398494
Fluxo,89,43,132,0.6742424242424242
Outsiders,77,55,132,0.5833333333333334
NAVI Junior,63,69,132,0.4772727272727273
Villainous,63,68,131,0.48091603053435117
Gaimin Gladiators,79,48,127,0.6220472440944882
Nouns,73,53,126,0.5793650793650794
AVE,71,54,125,0.568
Lyngby Vikings,81,44,125,0.648
INTZ,60,63,123,0.4878048780487805
OneTap,62,59,121,0.512396694214876
Third Impact,37,83,120,0.30833333333333335
Apeks Rebels,50,70,120,0.4166666666666667
1shot,66,54,120,0.55
Rare Atom,79,40,119,0.6638655462184874
AVANGAR,66,52,118,0.559322033898305
Gambit,73,45,118,0.6186440677966102
ONYX,53,64,117,0.452991452991453
Wings Up,56,60,116,0.4827586206896552
Websterz,49,66,115,0.4260869565217391
River Plate,60,55,115,0.5217391304347826
Davenport University,48,67,115,0.41739130434782606
Partizan,64,51,115,0.5565217391304348
Liberty,61,53,114,0.5350877192982456
BHOP,58,55,113,0.5132743362831859
Lilmix,47,65,112,0.41964285714285715
JANO,49,62,111,0.44144144144144143
ODDIK,60,51,111,0.5405405405405406
VP.Prodigy,41,70,111,0.36936936936936937
Bravos,74,37,111,0.6666666666666666
ONET4P,44,66,110,0.4
IKLA,57,52,109,0.5229357798165137
The Union,58,49,107,0.5420560747663551
OFFSET,44,63,107,0.411214953271028
Redragon,43,62,105,0.4095238095238095
Stars Horizon,41,63,104,0.3942307692307692
MIBR Academy,43,60,103,0.4174757281553398
Daotsu,58,44,102,0.5686274509803921
Savage,50,52,102,0.49019607843137253
Vendetta,54,48,102,0.5294117647058824
Limitless,43,58,101,0.42574257425742573
500,57,44,101,0.5643564356435643
B4,61,39,100,0.61
cowana,48,52,100,0.48
Leviatan,55,45,100,0.55
ChocoCheck,58,42,100,0.58
Paradox,57,42,99,0.5757575757575758
Virtus.pro,56,43,99,0.5656565656565656
EG Black,61,35,96,0.6354166666666666
Aurora,59,37,96,0.6145833333333334
Carpe Diem,54,41,95,0.5684210526315789
Cloud9,57,36,93,0.6129032258064516
WINDINGO,43,49,92,0.4673913043478261
O PLANO,44,48,92,0.4782608695652174
Renewal,41,51,92,0.44565217391304346
Coalesce,46,44,90,0.5111111111111111
Iron Branch,52,38,90,0.5777777777777777
Zero Tenacity,34,54,88,0.38636363636363635
Brazen,34,53,87,0.39080459770114945
hREDS,32,53,85,0.3764705882352941
Budapest Five,39,45,84,0.4642857142857143
SC,48,35,83,0.5783132530120482
Renegades,56,26,82,0.6829268292682927
Galaxy Racer,47,35,82,0.573170731707317
DGG,45,36,81,0.5555555555555556
Antic,40,38,78,0.5128205128205128
NLG,35,43,78,0.44871794871794873
Iron Blood,36,42,78,0.46153846153846156
Rooster,43,34,77,0.5584415584415584
Trasko,41,35,76,0.5394736842105263
Northern Forces,30,46,76,0.39473684210526316
AGF,29,46,75,0.38666666666666666
OG Academy,36,38,74,0.4864864864864865
Ambush,27,46,73,0.3698630136986301
Checkmate,47,26,73,0.6438356164383562
Unjustified,26,47,73,0.3561643835616438
ENCE Academy,31,42,73,0.4246575342465753
Izako Boars,35,38,73,0.4794520547945205
Sampi,17,54,71,0.23943661971830985
Corinthians,35,35,70,0.5
Case,30,40,70,0.42857142857142855
GTZ,21,49,70,0.3
Red Wolves,26,43,69,0.37681159420289856
Infinity,31,38,69,0.4492753623188406
ex-Finest,35,33,68,0.5147058823529411
Snakes Den,25,43,68,0.36764705882352944
Stone,22,46,68,0.3235294117647059
Victorum,27,40,67,0.40298507462686567
GenOne,33,34,67,0.4925373134328358
X,30,36,66,0.45454545454545453
timbermen,33,33,66,0.5
TAG,37,29,66,0.5606060606060606
Mad Kings,21,44,65,0.3230769230769231
ARAVT,25,39,64,0.390625
Dynasty,25,39,64,0.390625
Big Chillin,17,47,64,0.265625
EG White,43,21,64,0.671875
Encore,30,34,64,0.46875
Infinite,23,41,64,0.359375
GORILLAZ,31,33,64,0.484375
Eternal Fire Academy,17,46,63,0.2698412698412698
9z Academy,27,36,63,0.42857142857142855
D13,23,40,63,0.36507936507936506
OPAA,30,33,63,0.47619047619047616
1PIN,30,33,63,0.47619047619047616
Conquer,32,30,62,0.5161290322580645
Rehl,22,40,62,0.3548387096774194
Kappa Bar,24,38,62,0.3870967741935484
Singularity,31,31,62,0.5
Run or Die,34,27,61,0.5573770491803278
Take Flyte,35,26,61,0.5737704918032787
Viperio,30,30,60,0.5
8Ballers,25,35,60,0.4166666666666667
9 Pandas,31,28,59,0.5254237288135594
Akuma,29,30,59,0.4915254237288136
Permitta,30,28,58,0.5172413793103449
bankaPEPSI,25,33,58,0.43103448275862066
Wolsung,23,34,57,0.40350877192982454
UNO MILLE,34,22,56,0.6071428571428571
FURIA fe,39,17,56,0.6964285714285714
Coldest Riders,25,31,56,0.44642857142857145
Black Dragons,20,36,56,0.35714285714285715
DETONA,19,36,55,0.34545454545454546
Kanga,15,39,54,0.2777777777777778
Cryptova,20,34,54,0.37037037037037035
0to100,32,21,53,0.6037735849056604
NASR,26,27,53,0.49056603773584906
ex-SKADE,27,26,53,0.5094339622641509
Nut-E,22,30,52,0.4230769230769231
FunPlus Phoenix,28,24,52,0.5384615384615384
ex-MAD Lions,32,19,51,0.6274509803921569
Keyd,25,26,51,0.49019607843137253
Coscu Army,23,28,51,0.45098039215686275
VELOX,17,34,51,0.3333333333333333
Grayhound,35,15,50,0.7
allStars,16,34,50,0.32
Valors,28,21,49,0.5714285714285714
Invictus,16,33,49,0.32653061224489793
AaB,24,25,49,0.4897959183673469
Bravado,24,25,49,0.4897959183673469
Forward,22,26,48,0.4583333333333333
Genk,17,31,48,0.3541666666666667
YK,24,24,48,0.5
REIGN,19,29,48,0.3958333333333333
AURA,25,22,47,0.5319148936170213
FAMBIT,25,22,47,0.5319148936170213
Alke,17,30,47,0.3617021276595745
KTRL,19,28,47,0.40425531914893614
Los Grandes,19,28,47,0.40425531914893614
Atlantic,22,24,46,0.4782608695652174
DREAM,22,24,46,0.4782608695652174
Cruzeiro,21,24,45,0.4666666666666667
PALOMA,30,15,45,0.6666666666666666
HOTU,21,24,45,0.4666666666666667
Beyond Possible,20,24,44,0.45454545454545453
eXploit,22,22,44,0.5
VOYVODA,37,6,43,0.8604651162790697
ROYALS,15,28,43,0.3488372093023256
PGE Turow,15,28,43,0.3488372093023256
Disconnected,14,29,43,0.32558139534883723
CLG Red,29,13,42,0.6904761904761905
Verum,21,21,42,0.5
SJ,12,30,42,0.2857142857142857
Sashi,14,26,40,0.35
Ground Zero,19,21,40,0.475
Nigma Galaxy,28,11,39,0.717948717948718
Hellslayers,22,16,38,0.5789473684210527
FUSION,20,18,38,0.5263157894736842
SKADE X,16,22,38,0.42105263157894735
Los Grandes Academy,10,28,38,0.2631578947368421
LowLandLions,21,17,38,0.5526315789473685
SSP,13,25,38,0.34210526315789475
Levadia,18,20,38,0.47368421052631576
EKO,21,16,37,0.5675675675675675
TheMongolz,11,26,37,0.2972972972972973
Marten,12,25,37,0.32432432432432434
Invictus International,15,22,37,0.40540540540540543
Orgless,18,19,37,0.4864864864864865
BLVKHVND,20,16,36,0.5555555555555556
undefined,15,21,36,0.4166666666666667
Los Reyes,19,17,36,0.5277777777777778
X Gamer,16,20,36,0.4444444444444444
Touch Point,14,22,36,0.3888888888888889
Warriors,14,22,36,0.3888888888888889
InControl,18,18,36,0.5
FATE,16,20,36,0.4444444444444444
1620 Kings,16,19,35,0.45714285714285713
TTC,16,19,35,0.45714285714285713
Flames Ascent,11,24,35,0.3142857142857143
ex-FURY,12,23,35,0.34285714285714286
Eruption,18,16,34,0.5294117647058824
Mixfits,14,20,34,0.4117647058823529
Kinship,11,23,34,0.3235294117647059
SAW Youngsters,15,19,34,0.4411764705882353
Levitate,13,21,34,0.38235294117647056
Caught off Guard,11,22,33,0.3333333333333333
Flamengo,18,15,33,0.5454545454545454
NAVI Javelins,20,13,33,0.6060606060606061
CatEvil,12,21,33,0.36363636363636365
Arvum,16,16,32,0.5
ESTOWNIA,17,15,32,0.53125
Electrify Steel,15,17,32,0.46875
FURY,14,17,31,0.45161290322580644
Strive in chaos,17,14,31,0.5483870967741935
Hazard,11,20,31,0.3548387096774194
NeedDOCTOR,16,15,31,0.5161290322580645
AVEZ,12,19,31,0.3870967741935484
ARCRED,10,21,31,0.3225806451612903
yellow,15,16,31,0.4838709677419355
CEPTER,12,18,30,0.4
Clutch,11,19,30,0.36666666666666664
100PG,13,17,30,0.43333333333333335
Babos,13,17,30,0.43333333333333335
SHAPE,17,13,30,0.5666666666666667
Oilers,15,15,30,0.5
Sojoga,19,10,29,0.6551724137931034
okura,9,20,29,0.3103448275862069
Bandits,12,17,29,0.41379310344827586
QUAZAR,11,18,29,0.3793103448275862
Malvinas,10,19,29,0.3448275862068966
CAMO,7,22,29,0.2413793103448276
Magic School Bus,9,19,28,0.32142857142857145
Young Gods,13,15,28,0.4642857142857143
UYU,13,15,28,0.4642857142857143
TITANS,14,14,28,0.5
Tranquillum,14,14,28,0.5
163ON,14,14,28,0.5
GMT,13,14,27,0.48148148148148145
DNMK,8,19,27,0.2962962962962963
Entropy,11,16,27,0.4074074074074074
The Big Dogs,18,9,27,0.6666666666666666
SГЈo Caetano,17,10,27,0.6296296296296297
INVSN,11,16,27,0.4074074074074074
ThunderFlash,9,18,27,0.3333333333333333
GoodJob,18,8,26,0.6923076923076923
New Threat,8,18,26,0.3076923076923077
Black Dragons fe,9,17,26,0.34615384615384615
Meta Academy,10,16,26,0.38461538461538464
Linx Legacy,12,14,26,0.46153846153846156
ViCi,16,10,26,0.6153846153846154
Santos,8,18,26,0.3076923076923077
Axolotls,11,15,26,0.4230769230769231
MIBR fe,10,16,26,0.38461538461538464
RCL,11,15,26,0.4230769230769231
xDDDD,6,19,25,0.24
DUSTY,12,13,25,0.48
Players,14,11,25,0.56
Philadelphia Liberty,11,14,25,0.44
Overt,10,15,25,0.4
Goliath,13,12,25,0.52
Katuna,13,11,24,0.5416666666666666
Juggernauts,15,9,24,0.625
Aftershock,13,11,24,0.5416666666666666
AIRLYA,14,10,24,0.5833333333333334
Kari,9,15,24,0.375
Lese,7,17,24,0.2916666666666667
RED Canids,11,12,23,0.4782608695652174
Take Charge,7,16,23,0.30434782608695654
Feenix,7,16,23,0.30434782608695654
Nixuh,16,7,23,0.6956521739130435
1 JIN,12,11,23,0.5217391304347826
Noxious,6,17,23,0.2608695652173913
JiJieHao International,13,10,23,0.5652173913043478
NewBelarus,9,14,23,0.391304347826087
Orion,9,13,22,0.4090909090909091
Hotspurs,10,12,22,0.45454545454545453
B4 fe,11,11,22,0.5
Boston crab,14,8,22,0.6363636363636364
REZIST,12,10,22,0.5454545454545454
YeniCherry,8,14,22,0.36363636363636365
EXEN,5,17,22,0.22727272727272727
Brosskiez,10,12,22,0.45454545454545453
GGPR,9,12,21,0.42857142857142855
DNA,1,20,21,0.047619047619047616
Dripmen,9,12,21,0.42857142857142855
Synthetic,11,10,21,0.5238095238095238
PoP,8,13,21,0.38095238095238093
Sweden,10,11,21,0.47619047619047616
lol123,11,9,20,0.55
ex-CearГЎ,11,9,20,0.55
NSN,8,12,20,0.4
Omega,6,14,20,0.3
CearГЎ,9,11,20,0.45
Phantom Troupe,6,13,19,0.3157894736842105
Corinthians Academy,6,13,19,0.3157894736842105
MOB,10,9,19,0.5263157894736842
7AM,7,12,19,0.3684210526315789
MEGAZORD,7,12,19,0.3684210526315789
God's Work,7,12,19,0.3684210526315789
domilk,2,17,19,0.10526315789473684
Lemondogs,8,11,19,0.42105263157894735
Sahangiller,10,9,19,0.5263157894736842
Lausanne SE,13,6,19,0.6842105263157895
Recon 5,7,12,19,0.3684210526315789
Jaguares,10,9,19,0.5263157894736842
mYinsanity,6,13,19,0.3157894736842105
ex-UYU,3,15,18,0.16666666666666666
Please Send Help,4,14,18,0.2222222222222222
Chiefs,14,4,18,0.7777777777777778
New Pampas,7,11,18,0.3888888888888889
BEZ ZP,9,9,18,0.5
TropiCaos,6,12,18,0.3333333333333333
BIG EQUIPA,8,10,18,0.4444444444444444
Sylyx,8,10,18,0.4444444444444444
Fourteen,6,12,18,0.3333333333333333
TENSTAR,7,11,18,0.3888888888888889
ex-Durany,6,12,18,0.3333333333333333
ex-Marlian,6,12,18,0.3333333333333333
Lord Rabbit,7,10,17,0.4117647058823529
ESCA,6,11,17,0.35294117647058826
HSG fe,7,10,17,0.4117647058823529
B4 Academy,5,12,17,0.29411764705882354
Sanguine,6,11,17,0.35294117647058826
BEBRA,6,11,17,0.35294117647058826
Fourth Quarter,6,11,17,0.35294117647058826
Nocturns,4,13,17,0.23529411764705882
Post Mortem,5,12,17,0.29411764705882354
Steel Helmet,7,10,17,0.4117647058823529
Stealth,7,10,17,0.4117647058823529
TBC,6,11,17,0.35294117647058826
Holkattes,9,7,16,0.5625
VOID,4,12,16,0.25
FuscГЈo 1500,9,7,16,0.5625
7AM NA,3,13,16,0.1875
sYnck,6,10,16,0.375
tokyoxd,3,13,16,0.1875
KHAN,6,10,16,0.375
Let us cook,8,8,16,0.5
DeadWeight,7,9,16,0.4375
schadE halt,6,10,16,0.375
BEE,7,9,16,0.4375
ex-Holkattes,8,8,16,0.5
ex-Into the Breach,10,6,16,0.625
HellRaisers,6,10,16,0.375
Luxe,10,6,16,0.625
Triton,10,6,16,0.625
Enhanced,4,12,16,0.25
Gas Money,11,5,16,0.6875
The Prodigies,5,11,16,0.3125
EPIC DUDES,7,9,16,0.4375
Supremacy,6,10,16,0.375
NYYRIKKI,5,11,16,0.3125
AJF,4,12,16,0.25
FLET,9,7,16,0.5625
EXTREMUM,8,7,15,0.5333333333333333
Illyrians,7,8,15,0.4666666666666667
Temperate,7,8,15,0.4666666666666667
Newhappy,4,11,15,0.26666666666666666
SACRAMENTO,4,11,15,0.26666666666666666
gothboiclique,5,10,15,0.3333333333333333
Wygers AR,2,13,15,0.13333333333333333
ex-Black Dragons,6,9,15,0.4
Project Eversio,6,9,15,0.4
Dire Wolves,13,2,15,0.8666666666666667
Quantum Prodigy,8,7,15,0.5333333333333333
Collateral,2,13,15,0.13333333333333333
Drypeek,10,5,15,0.6666666666666666
9 Pandas Fearless,8,7,15,0.5333333333333333
Edward's Team,11,4,15,0.7333333333333333
Hype,2,12,14,0.14285714285714285
Vireo.pro,5,9,14,0.35714285714285715
Omapeli,8,6,14,0.5714285714285714
Benched Heroes,7,7,14,0.5
South,7,7,14,0.5
Kintsugi,5,9,14,0.35714285714285715
ex-PR Stars,7,7,14,0.5
Exalty,4,10,14,0.2857142857142857
POGGERZ,7,7,14,0.5
Bitfix,4,10,14,0.2857142857142857
BakS,6,8,14,0.42857142857142855
Prison Break,8,6,14,0.5714285714285714
Moralezz,6,8,14,0.42857142857142855
SNOGARD Dragons,5,9,14,0.35714285714285715
Goodfellas,6,8,14,0.42857142857142855
Arena,5,9,14,0.35714285714285715
Good Game,5,8,13,0.38461538461538464
All Gas No Brakes,3,10,13,0.23076923076923078
Save's,5,8,13,0.38461538461538464
NA's Finest,7,6,13,0.5384615384615384
Slovakia,6,7,13,0.46153846153846156
Unicorns of Love,3,10,13,0.23076923076923078
LF0,3,10,13,0.23076923076923078
CCO,7,6,13,0.5384615384615384
Patins da Ferrari,5,8,13,0.38461538461538464
Squirtle Squad,5,8,13,0.38461538461538464
Daugava,9,4,13,0.6923076923076923
After,5,8,13,0.38461538461538464
e-LEMON-ators,6,7,13,0.46153846153846156
voLante,1,12,13,0.07692307692307693
Cartel terraza,3,10,13,0.23076923076923078
yodagus,4,8,12,0.3333333333333333
JPB,7,5,12,0.5833333333333334
Ukraine,8,4,12,0.6666666666666666
POLET,4,8,12,0.3333333333333333
Sestri,4,8,12,0.3333333333333333
Springroll,5,7,12,0.4166666666666667
Little Bocks,4,8,12,0.3333333333333333
No Org,4,8,12,0.3333333333333333
M1,1,11,12,0.08333333333333333
Thunderbolts,5,7,12,0.4166666666666667
Liberty fe,6,6,12,0.5
Apocalypse,1,11,12,0.08333333333333333
CloudRunners,6,6,12,0.5
Hard,3,9,12,0.25
GameAgents,5,7,12,0.4166666666666667
Formel,6,6,12,0.5
EPG Family,4,8,12,0.3333333333333333
DNG,7,5,12,0.5833333333333334
Dolej Miodu,7,5,12,0.5833333333333334
Elemental,2,10,12,0.16666666666666666
Croatia,5,6,11,0.45454545454545453
Rapid Ninjas,6,5,11,0.5454545454545454
Tribute to Tribute,4,7,11,0.36363636363636365
Nebula,2,9,11,0.18181818181818182
Austria,2,9,11,0.18181818181818182
Triple 6,4,7,11,0.36363636363636365
LastWind,3,8,11,0.2727272727272727
LIBURNA,3,8,11,0.2727272727272727
MostValuablePlayers,6,5,11,0.5454545454545454
Mystic,5,6,11,0.45454545454545453
LGG Snakes Den,8,3,11,0.7272727272727273
Eclipse,4,7,11,0.36363636363636365
NSC,3,8,11,0.2727272727272727
HUMMER,4,7,11,0.36363636363636365
WinX,3,8,11,0.2727272727272727
Sinister5,6,5,11,0.5454545454545454
Ooredoo Thunders,5,6,11,0.45454545454545453
Apeks Legends,5,6,11,0.45454545454545453
Anlaki,6,5,11,0.5454545454545454
PR Stars,4,7,11,0.36363636363636365
EG Gold,3,7,10,0.3
Team StRoGo,7,3,10,0.7
W7M fe,1,9,10,0.1
nomix,4,6,10,0.4
WLG,1,9,10,0.1
Infinity Gauntlet,5,5,10,0.5
Fantastic Seven,4,6,10,0.4
EX CINERE,4,6,10,0.4
Hello Kitten,4,6,10,0.4
Hawks,4,6,10,0.4
4ORMULA,4,6,10,0.4
NOFEAR5,6,4,10,0.6
ex-KG Network,3,7,10,0.3
Vikings,5,5,10,0.5
Vexo Purple,2,8,10,0.2
Ape Gang,5,5,10,0.5
Metizport,2,8,10,0.2
Galaxy Racer fe,10,0,10,1.0
NtK,4,6,10,0.4
Norway,5,5,10,0.5
Frontier,3,7,10,0.3
NASA,5,5,10,0.5
boyfriend peek,4,6,10,0.4
Take me away,7,3,10,0.7
PAMPAS,5,5,10,0.5
KG Network,5,5,10,0.5
struggletony,4,6,10,0.4
Israel,4,6,10,0.4
Impression,1,9,10,0.1
FANTASY,5,5,10,0.5
Spain,5,5,10,0.5
bosses,7,2,9,0.7777777777777778
Mindfreak,2,7,9,0.2222222222222222
ParisDemons,4,5,9,0.4444444444444444
Quem Sao Elas,1,8,9,0.1111111111111111
ONYX Talents,2,7,9,0.2222222222222222
Hysteria,2,7,9,0.2222222222222222
ELES,2,7,9,0.2222222222222222
XGC,2,7,9,0.2222222222222222
Fjerritslev Gymnasium,3,6,9,0.3333333333333333
BIOS,3,6,9,0.3333333333333333
ex-Quantum Bellator Fire,3,6,9,0.3333333333333333
CENSRD,3,6,9,0.3333333333333333
UDP,3,6,9,0.3333333333333333
Route8,7,2,9,0.7777777777777778
coluant,1,8,9,0.1111111111111111
ASG,3,6,9,0.3333333333333333
ex-TITANS,2,7,9,0.2222222222222222
Heretic's Day Care,3,6,9,0.3333333333333333
ZURIA,2,7,9,0.2222222222222222
Grillska Orebro,5,4,9,0.5555555555555556
Counter Nature,4,5,9,0.4444444444444444
FOXED,2,7,9,0.2222222222222222
IMMA PROBLEM,4,5,9,0.4444444444444444
ex-4glory,7,2,9,0.7777777777777778
ESK,3,6,9,0.3333333333333333
Marten Rising,2,7,9,0.2222222222222222
Kings of Content,4,5,9,0.4444444444444444
Insanium,3,6,9,0.3333333333333333
PORTUGAL,5,4,9,0.5555555555555556
Task Force 141,2,7,9,0.2222222222222222
eMasters,5,4,9,0.5555555555555556
STMN,5,4,9,0.5555555555555556
Doing Fun,6,3,9,0.6666666666666666
Majestic Foghorns,5,4,9,0.5555555555555556
Meta4Pro,2,6,8,0.25
JoinTheForce,3,5,8,0.375
blingus,3,5,8,0.375
KINGZZZ,5,3,8,0.625
blacklaminate,2,6,8,0.25
Underground Kings,4,4,8,0.5
ex-100PG,2,6,8,0.25
KRAKEN,2,6,8,0.25
temp,4,4,8,0.5
NEXGA,1,7,8,0.125
ELEVATE,3,5,8,0.375
MIRACLE RUN,3,5,8,0.375
Maikelele's Team,6,2,8,0.75
Meat Grinders,2,6,8,0.25
N2E,3,5,8,0.375
MONKE,4,4,8,0.5
equipa,6,2,8,0.75
ex-Project Eversio,3,5,8,0.375
Cyberstorm,2,6,8,0.25
BESTIA,8,0,8,1.0
180mgkoffein,3,5,8,0.375
Typ as nice,5,3,8,0.625
Synergy Reborn,3,5,8,0.375
Kosovo,4,4,8,0.5
Pharnap,6,2,8,0.75
Doge Soldiers,4,4,8,0.5
Istanbul Wildcats,3,5,8,0.375
Skullcracker,3,5,8,0.375
Pepsilon,2,6,8,0.25
Born in Mongolia,1,7,8,0.125
GODSENT fe,1,7,8,0.125
Nordavind,2,6,8,0.25
LSC,3,5,8,0.375
Team shoke,4,4,8,0.5
Orgless Heroes,8,0,8,1.0
Divine Vendetta,3,5,8,0.375
Pryde,3,5,8,0.375
Vladivostok,4,4,8,0.5
LGG,5,3,8,0.625
ILIN,4,4,8,0.5
Irie Legacy,1,7,8,0.125
Upswing,3,5,8,0.375
FreeStyle,3,5,8,0.375
Old But Gold,3,5,8,0.375
Lazer Cats,4,4,8,0.5
Prosapia,1,7,8,0.125
IESF,6,2,8,0.75
Pugbots,3,4,7,0.42857142857142855
Into the Bin,4,3,7,0.5714285714285714
Monkey Business,3,4,7,0.42857142857142855
Volted,2,5,7,0.2857142857142857
Ovoshi,6,1,7,0.8571428571428571
WDNMD,3,4,7,0.42857142857142855
OnlineBOTS,1,6,7,0.14285714285714285
Eqole,2,5,7,0.2857142857142857
yur,5,2,7,0.7142857142857143
GRGECHI,1,6,7,0.14285714285714285
GUESS,2,5,7,0.2857142857142857
Endangered,1,6,7,0.14285714285714285
Yawara,1,6,7,0.14285714285714285
9INE Academy,1,6,7,0.14285714285714285
Exsto,3,4,7,0.42857142857142855
NEO's Team,4,3,7,0.5714285714285714
Platinum Blonde,4,3,7,0.5714285714285714
Esoteric,2,5,7,0.2857142857142857
VELOX Academy,2,5,7,0.2857142857142857
Portuguese Family,3,4,7,0.42857142857142855
NO NAME,4,3,7,0.5714285714285714
all aim no name,4,3,7,0.5714285714285714
NOORG,3,4,7,0.42857142857142855
Freedom Fighters,3,4,7,0.42857142857142855
Monarchy,2,5,7,0.2857142857142857
Argentina,3,4,7,0.42857142857142855
Throw Potential,3,4,7,0.42857142857142855
Hatred,2,5,7,0.2857142857142857
LeeK,2,5,7,0.2857142857142857
kennyS' Team,3,4,7,0.42857142857142855
Horizon Reapers,2,5,7,0.2857142857142857
Revel,0,7,7,0.0
LakeShow,3,4,7,0.42857142857142855
Rectify,1,6,7,0.14285714285714285
TotalePro,2,5,7,0.2857142857142857
KZG,2,5,7,0.2857142857142857
AirBNB Incident,5,2,7,0.7142857142857143
LINKDOWN,2,5,7,0.2857142857142857
FPSBUG,2,5,7,0.2857142857142857
SD Invicta,4,3,7,0.5714285714285714
SMOAD,2,5,7,0.2857142857142857
ex-Daotsu,4,3,7,0.5714285714285714
Iberian Family,5,2,7,0.7142857142857143
DOGS,4,3,7,0.5714285714285714
Team Evelone192,3,4,7,0.42857142857142855
RUST,6,1,7,0.8571428571428571
KJlACCHblE,5,2,7,0.7142857142857143
Loto,3,4,7,0.42857142857142855
Akimbo,4,2,6,0.6666666666666666
k1ck,2,4,6,0.3333333333333333
Foggy,0,6,6,0.0
The Shine,2,4,6,0.3333333333333333
The Neighbours,4,2,6,0.6666666666666666
BIICEPS,2,4,6,0.3333333333333333
Capivara Strong,3,3,6,0.5
Arctic Raptors,2,4,6,0.3333333333333333
Velez Mostar,2,4,6,0.3333333333333333
Bob,2,4,6,0.3333333333333333
Durany,2,4,6,0.3333333333333333
CR,2,4,6,0.3333333333333333
mew,0,6,6,0.0
IKIGAI,3,3,6,0.5
LPSP,3,3,6,0.5
Animal Squad,1,5,6,0.16666666666666666
PIGNOUF,4,2,6,0.6666666666666666
ozbonz,2,4,6,0.3333333333333333
ouroboros,3,3,6,0.5
727,2,4,6,0.3333333333333333
Kinship Black,3,3,6,0.5
proxy,2,4,6,0.3333333333333333
ATK fe,1,5,6,0.16666666666666666
Tempest,1,5,6,0.16666666666666666
Born in the East,2,4,6,0.3333333333333333
TOP5,4,2,6,0.6666666666666666
Indonesia,2,4,6,0.3333333333333333
Sacrifice,0,6,6,0.0
Saints,2,4,6,0.3333333333333333
BrГёndby,1,5,6,0.16666666666666666
CPH Flames fe,3,3,6,0.5
gamers innit,2,4,6,0.3333333333333333
Midgard,0,6,6,0.0
Asterys,0,6,6,0.0
Forsaken,1,5,6,0.16666666666666666
AlNasser,2,4,6,0.3333333333333333
MAXIMA,2,4,6,0.3333333333333333
Rhyno,3,3,6,0.5
NIP fe,4,2,6,0.6666666666666666
NIJE,2,4,6,0.3333333333333333
Happy Mouse,4,2,6,0.6666666666666666
RedPack,1,5,6,0.16666666666666666
Gravity 0,2,4,6,0.3333333333333333
GKC,2,4,6,0.3333333333333333
TMVG,2,4,6,0.3333333333333333
Czech Republic,3,3,6,0.5
Camel Riders,2,4,6,0.3333333333333333
RWC,2,4,6,0.3333333333333333
RVNS,2,4,6,0.3333333333333333
Moon,0,6,6,0.0
DREAM UA,2,4,6,0.3333333333333333
Twisted Minds,4,2,6,0.6666666666666666
Australs,0,6,6,0.0
NOM,2,4,6,0.3333333333333333
garTi,2,4,6,0.3333333333333333
EUMIX,2,4,6,0.3333333333333333
LyP,3,3,6,0.5
Sunds Gymnasiet,4,2,6,0.6666666666666666
JiJieHao,0,6,6,0.0
Heaven and Hell,2,4,6,0.3333333333333333
Narcis,2,4,6,0.3333333333333333
Dark Tigers,0,6,6,0.0
ADAGIO,2,4,6,0.3333333333333333
Germany,3,3,6,0.5
aktiebolag,3,3,6,0.5
AlHilal,4,2,6,0.6666666666666666
fightclub,5,1,6,0.8333333333333334
First Memory,1,4,5,0.2
Bulgaria,3,2,5,0.6
EC Sivas,0,5,5,0.0
TPT,0,5,5,0.0
En av de lette,0,5,5,0.0
SMIX,1,4,5,0.2
Racing Avellaneda,1,4,5,0.2
Team Buster,1,4,5,0.2
Revelacoes do Ano,2,3,5,0.4
EXLI-KUBAB,1,4,5,0.2
Peace of Heroes,1,4,5,0.2
AVA,1,4,5,0.2
Red,1,4,5,0.2
Fragging for Jason,2,3,5,0.4
ToA,1,4,5,0.2
Perspektiva,0,5,5,0.0
Emps Kids,3,2,5,0.6
Earlybirds,2,3,5,0.4
Alpha,2,3,5,0.4
SHPL,0,5,5,0.0
Viary,1,4,5,0.2
StoichkovPeek,4,1,5,0.8
Valkyrie,1,4,5,0.2
Thani,2,3,5,0.4
Party Daddlers,3,2,5,0.6
Firstwave,2,3,5,0.4
Serbia,3,2,5,0.6
VAMOSTARS,2,3,5,0.4
SKUAK,4,1,5,0.8
PG,2,3,5,0.4
Hustler's University,2,3,5,0.4
Hong Kong,2,3,5,0.4
homeless,1,4,5,0.2
gold medalists,3,2,5,0.6
fullshock,1,4,5,0.2
Lucent,1,4,5,0.2
HeatoN's Team,0,5,5,0.0
Headband Klay,4,1,5,0.8
WAP,0,5,5,0.0
MILF,3,2,5,0.6
MONAD,1,4,5,0.2
Marskalk,4,1,5,0.8
ex-Coalesce,2,3,5,0.4
Gucci Squad,5,0,5,1.0
ex-Bizarre,3,2,5,0.6
Morbin5,1,4,5,0.2
cu fish,1,4,5,0.2
caffeine marauders,3,2,5,0.6
benched,1,4,5,0.2
askars,2,3,5,0.4
Honved,2,3,5,0.4
Hvor Er Du Bro?,1,4,5,0.2
Never Surrender,1,4,5,0.2
kevlarirl,3,2,5,0.6
Insilio,4,1,5,0.8
Imported Talent,1,4,5,0.2
Bears,0,5,5,0.0
vSlash,2,3,5,0.4
John Industries,4,1,5,0.8
Illes Spirit,1,4,5,0.2
Clown5,3,2,5,0.6
the jungle,1,4,5,0.2
IUPUI Jaguars,2,3,5,0.4
Kalbos Egzaminas,2,3,5,0.4
Belgium,0,5,5,0.0
sftsaftm,4,1,5,0.8
Coastal Mayhem,2,3,5,0.4
Cocolovers,3,2,5,0.6
proWince,1,4,5,0.2
pashaBiceps' Team,1,4,5,0.2
Believeee,3,2,5,0.6
Leo,0,5,5,0.0
Captain Cook,2,3,5,0.4
Argon,1,4,5,0.2
fANDER,1,4,5,0.2
Orion's Day Care,3,2,5,0.6
Yimagen,3,2,5,0.6
AotC,4,1,5,0.8
Wizard,3,2,5,0.6
Only One Word,2,3,5,0.4
Datakrigerne,3,2,5,0.6
WORTEX,1,4,5,0.2
Billionaires,2,3,5,0.4
Aorus Vision,1,4,5,0.2
4750mix,1,4,5,0.2
Generation of Miracles,2,3,5,0.4
BigD,3,2,5,0.6
Arctic,2,3,5,0.4
Aiming is Difficult,2,2,4,0.5
The Last Resort,0,4,4,0.0
LAKAKA,2,2,4,0.5
Brandbergen Shooters,1,3,4,0.25
LBS Helsingborg,4,0,4,1.0
onLiNeRsX,2,2,4,0.5
Boys without Pyjamas,2,2,4,0.5
Cookie Clowns,2,2,4,0.5
LGG Eclipse,2,2,4,0.5
Leicester 5,0,4,4,0.0
Kyoto,0,4,4,0.0
LV.NEW,2,2,4,0.5
minion bobs,0,4,4,0.0
Paying Myself,2,2,4,0.5
Prodigy,3,1,4,0.75
INDINDA,2,2,4,0.5
premghouls,0,4,4,0.0
WonderKids,0,4,4,0.0
zu krass,2,2,4,0.5
Stanley's Harem,2,2,4,0.5
WINDINGO Community,2,2,4,0.5
Sniper Delta,4,0,4,1.0
ztrfanclub,4,0,4,1.0
Smile,0,4,4,0.0
BTH,0,4,4,0.0
OtherSide,0,4,4,0.0
GAS,0,4,4,0.0
Stuck in Iceland,0,4,4,0.0
SevenIZI,0,4,4,0.0
Sutti's Money Crew,2,2,4,0.5
BOOMSHAKE,2,2,4,0.5
FLINTBREEZE,2,2,4,0.5
Vietnam,0,4,4,0.0
TBB,0,4,4,0.0
OUTPLAYED,0,4,4,0.0
OS,0,4,4,0.0
BIGODES,2,2,4,0.5
The Sisterhood,2,2,4,0.5
The Chosen Few,2,2,4,0.5
XP,1,3,4,0.25
ex-SG,2,2,4,0.5
GamePub,0,4,4,0.0
AzerbejdzanPL,3,1,4,0.75
ex-Lese,0,4,4,0.0
CYBER,0,4,4,0.0
Zenigma,2,2,4,0.5
Please Send Bocks,2,2,4,0.5
Medieval,0,4,4,0.0
Flames Shieldmaidens,1,3,4,0.25
Zero MarksMen,0,4,4,0.0
CNCS,0,4,4,0.0
eetswa,1,3,4,0.25
Moratur,0,4,4,0.0
Portugal,2,2,4,0.5
CENTER,0,4,4,0.0
Astralis fe,0,4,4,0.0
Next in Line,0,4,4,0.0
GhostFaces,2,2,4,0.5
Garfie,0,4,4,0.0
Big City Blues,2,2,4,0.5
HYDRA,2,2,4,0.5
Mazaalai,0,4,4,0.0
Algeria,0,4,4,0.0
Cossacks,2,2,4,0.5
Area51,3,1,4,0.75
Valence,0,4,4,0.0
Lonnies drenge,0,4,4,0.0
EVILNINE,1,3,4,0.25
Pete's Hookah Lounge,2,2,4,0.5
Gambit 2017,3,1,4,0.75
Eros Black,1,3,4,0.25
Planet Express,0,4,4,0.0
Chile,1,2,3,0.3333333333333333
CARECAS,0,3,3,0.0
dobrywieczor,1,2,3,0.3333333333333333
wannafly,2,1,3,0.6666666666666666
x6tence,0,3,3,0.0
loloNaMente,0,3,3,0.0
Zorka,2,1,3,0.6666666666666666
Catchii,1,2,3,0.3333333333333333
Chetz,1,2,3,0.3333333333333333
You Shall Not Pass,3,0,3,1.0
Tokyo Revengers,1,2,3,0.3333333333333333
Undefeated,1,2,3,0.3333333333333333
Valors2,1,2,3,0.3333333333333333
Star Games,0,3,3,0.0
kebabs,1,2,3,0.3333333333333333
COUSCOUS,1,2,3,0.3333333333333333
Staffan Gymnasiet,1,2,3,0.3333333333333333
DUELISTS,1,2,3,0.3333333333333333
VISU,0,3,3,0.0
paiN Academy,2,1,3,0.6666666666666666
makuraSOFT,1,2,3,0.3333333333333333
Die hard,2,1,3,0.6666666666666666
farfaraway,0,3,3,0.0
TheDice,1,2,3,0.3333333333333333
skeletor,1,2,3,0.3333333333333333
Ego,1,2,3,0.3333333333333333
markeloff's Team,0,3,3,0.0
Temperate SCO,1,2,3,0.3333333333333333
myllysuola,1,2,3,0.3333333333333333
ex-TAG,1,2,3,0.3333333333333333
ex-B4,1,2,3,0.3333333333333333
ENDGAME,3,0,3,1.0
WetKillers,2,1,3,0.6666666666666666
ex-AGF,1,2,3,0.3333333333333333
6'3 and Over,3,0,3,1.0
ex-Rapid Ninjas,1,2,3,0.3333333333333333
Enough,0,3,3,0.0
DU Black,1,2,3,0.3333333333333333
Bco,0,3,3,0.0
SQUAD,1,2,3,0.3333333333333333
Peekers,1,2,3,0.3333333333333333
PisoDeMadera,1,2,3,0.3333333333333333
Aseris,1,2,3,0.3333333333333333
Blackhat,1,2,3,0.3333333333333333
Goomba Stomp,1,2,3,0.3333333333333333
Namibia,0,3,3,0.0
Lions,0,3,3,0.0
Netherlands,1,2,3,0.3333333333333333
NewBALLS,1,2,3,0.3333333333333333
LAG,1,2,3,0.3333333333333333
SNRG,0,3,3,0.0
Let's Quit,1,2,3,0.3333333333333333
PeakyBlinders,1,2,3,0.3333333333333333
SUL,2,1,3,0.6666666666666666
Lavender,1,2,3,0.3333333333333333
Nexus Academy,1,2,3,0.3333333333333333
GameSense,1,2,3,0.3333333333333333
LookingForAnOrg,1,2,3,0.3333333333333333
Berzerk,1,2,3,0.3333333333333333
Russian Street Party,1,2,3,0.3333333333333333
Luxembourg,0,3,3,0.0
HAPYJAMOT,1,2,3,0.3333333333333333
MixUA,1,2,3,0.3333333333333333
Puggers Not Poggers,0,3,3,0.0
HEADSH0T,1,2,3,0.3333333333333333
Big 5,1,2,3,0.3333333333333333
HJC,1,2,3,0.3333333333333333
Protos,2,1,3,0.6666666666666666
MIRAI,1,2,3,0.3333333333333333
MCE,2,1,3,0.6666666666666666
Grindas,1,2,3,0.3333333333333333
Got Juice,1,2,3,0.3333333333333333
Alex Rider,1,2,3,0.3333333333333333
PremuimGods,1,2,3,0.3333333333333333
Rush A Rush B,1,2,3,0.3333333333333333
Russia U18,1,2,3,0.3333333333333333
BNR,1,2,3,0.3333333333333333
Quantum Bellator Fire,1,2,3,0.3333333333333333
P2N,1,2,3,0.3333333333333333
Northwest,1,2,3,0.3333333333333333
BOOZOOMERS,1,2,3,0.3333333333333333
KYDAHTORA,3,0,3,1.0
Sector One,1,2,3,0.3333333333333333
PLATOON Beta,1,2,3,0.3333333333333333
InTheClub,1,2,3,0.3333333333333333
Sotano,0,3,3,0.0
Secret Club,1,2,3,0.3333333333333333
Secret,0,3,3,0.0
GLORE,0,3,3,0.0
ORO,2,1,3,0.6666666666666666
SpeedRunners,1,2,3,0.3333333333333333
Kazakhstan U18,2,1,3,0.6666666666666666
Bears Concept,0,3,3,0.0
Silent Insanity,1,2,3,0.3333333333333333
Panthers,1,2,3,0.3333333333333333
India,1,2,3,0.3333333333333333
Ambush fe,2,1,3,0.6666666666666666
Europe,2,1,3,0.6666666666666666
Ozone,0,3,3,0.0
Skelp,2,1,3,0.6666666666666666
NoVa's Birthday Brawlers,1,2,3,0.3333333333333333
AVADA KEDAVRA,0,3,3,0.0
eRa,0,2,2,0.0
1DayHeroes,0,2,2,0.0
GR,1,1,2,0.5
2EASY,0,2,2,0.0
Montenegro,1,1,2,0.5
White Rabbit,0,2,2,0.0
Monte Carlo,0,2,2,0.0
MongolZ,0,2,2,0.0
Mystique,0,2,2,0.0
Operation Save Spot,0,2,2,0.0
Way2Game,0,2,2,0.0
ex-Akuma,2,0,2,1.0
Mexico,0,2,2,0.0
Meta PY,0,2,2,0.0
MonaspA,2,0,2,1.0
NIISUN,0,2,2,0.0
Daddypeek,0,2,2,0.0
Sprenty,0,2,2,0.0
ZIGMA,0,2,2,0.0
NoNamers,1,1,2,0.5
Game Fist,0,2,2,0.0
NorVa's Last Peek,0,2,2,0.0
1fredde,0,2,2,0.0
ex-Black Dragons fe,2,0,2,1.0
Argentina fe,0,2,2,0.0
XRAVEL,0,2,2,0.0
NwG,0,2,2,0.0
Antarctica,0,2,2,0.0
Neon Rangers,0,2,2,0.0
bait 4 it,0,2,2,0.0
CRONEM,2,0,2,1.0
4Bots & Eric,0,2,2,0.0
ORGLESS fe,0,2,2,0.0
coconutwater,2,0,2,1.0
ZEROZONE,0,2,2,0.0
GSW,0,2,2,0.0
BAZA,2,0,2,1.0
ex-CLEANTmix,0,2,2,0.0
Karabakh Horses,0,2,2,0.0
Legates,0,2,2,0.0
Last Bullets,0,2,2,0.0
mix123,0,2,2,0.0
no meat pls,2,0,2,1.0
LIBERTATEM,0,2,2,0.0
LAN KRAEM,0,2,2,0.0
Capybara,0,2,2,0.0
Kyrgyzstan U23,0,2,2,0.0
Kuruma,0,2,2,0.0
Konoha,0,2,2,0.0
IN.GAME,0,2,2,0.0
Believe,0,2,2,0.0
INDUSTRY,0,2,2,0.0
skriptovie,0,2,2,0.0
Meinser,0,2,2,0.0
ISO,0,2,2,0.0
suxeN,0,2,2,0.0
K10,0,2,2,0.0
Just Swing,0,2,2,0.0
trocka,0,2,2,0.0
uNiQUE,0,2,2,0.0
Cloud,0,2,2,0.0
vampboiclique,0,2,2,0.0
Clique,0,2,2,0.0
JUJUTSU KAISEN,0,2,2,0.0
BUDI2,0,2,2,0.0
Bandaleros,0,2,2,0.0
yologang420,0,2,2,0.0
IHOG,0,2,2,0.0
Level,0,2,2,0.0
kukkosoosi,0,2,2,0.0
kolibri,0,2,2,0.0
MayBe,0,2,2,0.0
DISKODISKO,0,2,2,0.0
DHLG,0,2,2,0.0
ex-Feenix,0,2,2,0.0
MOREKATS,0,2,2,0.0
ex-Philadelphia Liberty,0,2,2,0.0
ex-Pompa,0,2,2,0.0
MOONBOYS,1,1,2,0.5
Cruzeiro fe,0,2,2,0.0
WOWMEGA,0,2,2,0.0
ex-Young Gods,2,0,2,1.0
MANS NOT HOT,0,2,2,0.0
MALCO,0,2,2,0.0
HeadShotKings,0,2,2,0.0
fl0m's Money Crew,0,2,2,0.0
flowstate,0,2,2,0.0
Heavy,0,2,2,0.0
Los Grandes Community,0,2,2,0.0
High Space Tigers,0,2,2,0.0
Cosmoss Riga,0,2,2,0.0
15 average Gang,0,2,2,0.0
Little Socks,0,2,2,0.0
hxh,0,2,2,0.0
iDestructive,0,2,2,0.0
123mix,1,1,2,0.5
Homyno,0,2,2,0.0
Levendi,0,2,2,0.0
Wales,0,2,2,0.0
ГћГіr,0,2,2,0.0
Tricked Future,0,2,2,0.0
Pyhan Ilona,0,2,2,0.0
Ecuador,0,2,2,0.0
TRAFFIC Tashkent,2,0,2,1.0
ForGlory,2,0,2,1.0
FREE THE MANDEM,0,2,2,0.0
Troublemakers,0,2,2,0.0
RATIO'D,0,2,2,0.0
SYDKOREA,0,2,2,0.0
Question Mark,0,2,2,0.0
UFG,2,0,2,1.0
AFTERPARTY,0,2,2,0.0
QcClan,0,2,2,0.0
Ultimate Power,0,2,2,0.0
VALLEA,0,2,2,0.0
UnDeRdOgS,0,2,2,0.0
Uncharted Territory,0,2,2,0.0
Uninvited,0,2,2,0.0
Sakrifica,0,2,2,0.0
Procivitas Vaxjo,0,2,2,0.0
Uniquestars,2,0,2,1.0
SHYNE,0,2,2,0.0
Problematic Kings,0,2,2,0.0
FPLCKINGS,0,2,2,0.0
Elite,0,2,2,0.0
FPL Demons,0,2,2,0.0
AQN,1,1,2,0.5
Blade Community,0,2,2,0.0
REPRESENT,0,2,2,0.0
GOATED,2,0,2,1.0
SHUSH,0,2,2,0.0
Fantastyczna Piatka,0,2,2,0.0
SG.pro,0,2,2,0.0
Bosnia & Herzegovina,0,2,2,0.0
SERA,0,2,2,0.0
The Incas,0,2,2,0.0
SAWO,0,2,2,0.0
The Muppets,0,2,2,0.0
FcottoNd,0,2,2,0.0
Akave,0,2,2,0.0
SAGA,0,2,2,0.0
Russia U23,2,0,2,1.0
Rombus,0,2,2,0.0
Recognised Talent,0,2,2,0.0
Alig.b,0,2,2,0.0
Totalne Gituwy,0,2,2,0.0
Toxic,0,2,2,0.0
TrEa,0,2,2,0.0
STORM,0,2,2,0.0
ESC,0,2,2,0.0
SWMG,0,2,2,0.0
RIP Kobe,1,1,2,0.5
AHJO,0,2,2,0.0
FL4MUS,0,2,2,0.0
TGJ,0,2,2,0.0
Aloha,2,0,2,1.0
Exalted Industries,1,1,2,0.5
GAARDEN,0,2,2,0.0
DotMax,0,2,2,0.0
Stream Snipers,0,2,2,0.0
Vicious Kitties,0,2,2,0.0
Victus,0,2,2,0.0
Angels,0,2,2,0.0
Storm Wolves,0,2,2,0.0
PPP,0,2,2,0.0
Stinkdiertjes,0,2,2,0.0
Slay,0,2,2,0.0
Dobegaem,0,2,2,0.0
Peace Ducks,0,2,2,0.0
GAIJIN,2,0,2,1.0
Brigada,0,2,2,0.0
Vision,0,2,2,0.0
COWABUNGA,0,2,2,0.0
PIVNOE PUZO,0,2,2,0.0
WHYKICK,0,2,2,0.0
AURA UK,0,2,2,0.0
GO HogRiders,0,2,2,0.0
Outsiders23,1,1,2,0.5
AnimeSubmarine,0,2,2,0.0
Dr. Pepper,0,2,2,0.0
ANDROMEDA,0,2,2,0.0
Vdrxp,0,2,2,0.0
Sudor,1,1,2,0.5
Selecao do bt0,0,2,2,0.0
VIXIT,0,2,2,0.0
Ennemi,0,2,2,0.0
VGT,0,2,2,0.0
Furious Steel,0,2,2,0.0
Frida Gymnasiet,0,2,2,0.0
CNCS LastHope,0,2,2,0.0
SurelyOneDay,0,2,2,0.0
Vanir,0,2,2,0.0
Shmetaland,0,2,2,0.0
VAMOS,0,2,2,0.0
FyR,0,2,2,0.0
Valkyries fe,0,2,2,0.0
Team Smoke,0,1,1,0.0
10org,0,1,1,0.0
Influncr,0,1,1,0.0
Team GeT_RiGhT,1,0,1,1.0
AWADEUWU,0,1,1,0.0
AUGPLAYRS,0,1,1,0.0
stinky big,0,1,1,0.0
redditors,0,1,1,0.0
SalutLA,0,1,1,0.0
Infamous,0,1,1,0.0
laMafia,0,1,1,0.0
EveryBody Dance,0,1,1,0.0
Brazil,1,0,1,1.0
Team Flash,1,0,1,1.0
Stirlz Fans,0,1,1,0.0
LGG Gentlemen,0,1,1,0.0
LODIS,0,1,1,0.0
Eclipse Reborn,0,1,1,0.0
sinister,0,1,1,0.0
StrikeX,0,1,1,0.0
Shababs Botten,0,1,1,0.0
SUN,0,1,1,0.0
maGic,0,1,1,0.0
maxed out,0,1,1,0.0
TOP Gs,0,1,1,0.0
Jaegers,0,1,1,0.0
LA COCONETA,0,1,1,0.0
Legendary,0,1,1,0.0
umomd,0,1,1,0.0
CAT,0,1,1,0.0
WahWah,0,1,1,0.0
Leviatan SSJ,0,1,1,0.0
Black Pearl,0,1,1,0.0
Green Tea Party,0,1,1,0.0
d54,0,1,1,0.0
cs,0,1,1,0.0
From The Grave,0,1,1,0.0
NO ORG,0,1,1,0.0
NOISEOTREM,0,1,1,0.0
boomer demons,0,1,1,0.0
Go Kill,0,1,1,0.0
95 Bulls,0,1,1,0.0
Nemesis,0,1,1,0.0
VRTX,0,1,1,0.0
Peeker's Advantage,0,1,1,0.0
NoRespect,1,0,1,1.0
EagleEye,0,1,1,0.0
Demon Time,0,1,1,0.0
XXG,0,1,1,0.0
Now you know,0,1,1,0.0
XIS,0,1,1,0.0
BigRigger,0,1,1,0.0
POLIGON,0,1,1,0.0
Devercy,0,1,1,0.0
4Fun,0,1,1,0.0
One More Time,0,1,1,0.0
One Shot,0,1,1,0.0
We Global,0,1,1,0.0
Diffendo,0,1,1,0.0
Uptime United,0,1,1,0.0
ducksquad,0,1,1,0.0
duncans & dragons,0,1,1,0.0
Atlantiss,0,1,1,0.0
how bad u are,0,1,1,0.0
gg go next qualy,0,1,1,0.0
Ea Dupla,0,1,1,0.0
ANDIBUL CARROT,0,1,1,0.0
Revenge Tour,0,1,1,0.0
feA,0,1,1,0.0
EU JOGO BOLA,0,1,1,0.0
Halal Gang,0,1,1,0.0
Flaggers,0,1,1,0.0
MIXALA,0,1,1,0.0
MIXJAYS,0,1,1,0.0
Made in Ukraine,0,1,1,0.0
AFundaa,0,1,1,0.0
MagicLight,0,1,1,0.0
ex-Isurus,0,1,1,0.0
DEADiNSIDE,0,1,1,0.0
ex-Imperial,0,1,1,0.0
Married to the Cookies,0,1,1,0.0
Question Mark!,0,1,1,0.0
Pusheens,0,1,1,0.0
Grinny Bankers,0,1,1,0.0
Union88,0,1,1,0.0
Montecarlo,0,1,1,0.0
Universe Five,0,1,1,0.0
FreeTON,0,1,1,0.0
Spooky Squad,0,1,1,0.0
